      50.0000    0.0234394
      51.0000    0.0252798
      52.0000    0.0272230
      53.0000    0.0292669
      54.0000    0.0314124
      55.0000    0.0336676
      56.0000    0.0360358
      57.0000    0.0385206
      58.0000    0.0411254
      59.0000    0.0438539
      60.0000    0.0467095
      61.0000    0.0496795
      62.0000    0.0527790
      63.0000    0.0560112
      64.0000    0.0593796
      65.0000    0.0628875
      66.0000    0.0665384
      67.0000    0.0703357
      68.0000    0.0742732
      69.0000    0.0783498
      70.0000    0.0825768
      71.0000    0.0869575
      72.0000    0.0914948
      73.0000    0.0961921
      74.0000     0.101052
      75.0000     0.106079
      76.0000     0.111251
      77.0000     0.116588
      78.0000     0.122094
      79.0000     0.127771
      80.0000     0.133622
      81.0000     0.139650
      82.0000     0.145857
      83.0000     0.152234
      84.0000     0.158776
      85.0000     0.165499
      86.0000     0.172403
      87.0000     0.179492
      88.0000     0.186768
      89.0000     0.194233
      90.0000     0.201889
      91.0000     0.209709
      92.0000     0.217716
      93.0000     0.225913
      94.0000     0.234301
      95.0000     0.242881
      96.0000     0.251657
      97.0000     0.260629
      98.0000     0.269785
      99.0000     0.279120
      100.000     0.288649
      101.000     0.298372
      102.000     0.308290
      103.000     0.318405
      104.000     0.328718
      105.000     0.339230
      106.000     0.349912
      107.000     0.360787
      108.000     0.371855
      109.000     0.383118
      110.000     0.394576
      111.000     0.406229
      112.000     0.418079
      113.000     0.430113
      114.000     0.442326
      115.000     0.454729
      116.000     0.467322
      117.000     0.480105
      118.000     0.493080
      119.000     0.506244
      120.000     0.519598
      121.000     0.533120
      122.000     0.546825
      123.000     0.560714
      124.000     0.574785
      125.000     0.589039
      126.000     0.603475
      127.000     0.618092
      128.000     0.632881
      129.000     0.647839
      130.000     0.662971
      131.000     0.678277
      132.000     0.693755
      133.000     0.709405
      134.000     0.725226
      135.000     0.741215
      136.000     0.757363
      137.000     0.773676
      138.000     0.790151
      139.000     0.806788
      140.000     0.823585
      141.000     0.840541
      142.000     0.857654
      143.000     0.874923
      144.000     0.892344
      145.000     0.909917
      146.000     0.927640
      147.000     0.945512
      148.000     0.963530
      149.000     0.981694
      150.000      1.00000
      151.000      1.01845
      152.000      1.03704
      153.000      1.05578
      154.000      1.07464
      155.000      1.09364
      156.000      1.11278
      157.000      1.13204
      158.000      1.15144
      159.000      1.17098
      160.000      1.19064
      161.000      1.21043
      162.000      1.23034
      163.000      1.25038
      164.000      1.27053
      165.000      1.29080
      166.000      1.31121
      167.000      1.33173
      168.000      1.35237
      169.000      1.37312
      170.000      1.39398
      171.000      1.41495
      172.000      1.43602
      173.000      1.45722
      174.000      1.47853
      175.000      1.49995
      176.000      1.52148
      177.000      1.54310
      178.000      1.56483
      179.000      1.58665
      180.000      1.60857
      181.000      1.63062
      182.000      1.65277
      183.000      1.67501
      184.000      1.69735
      185.000      1.71978
      186.000      1.74231
      187.000      1.76492
      188.000      1.78764
      189.000      1.81046
      190.000      1.83338
      191.000      1.85639
      192.000      1.87948
      193.000      1.90266
      194.000      1.92592
      195.000      1.94926
      196.000      1.97272
      197.000      1.99627
      198.000      2.01991
      199.000      2.04363
      200.000      2.06743
      201.000      2.09131
      202.000      2.11526
      203.000      2.13931
      204.000      2.16347
      205.000      2.18771
      206.000      2.21203
      207.000      2.23643
      208.000      2.26090
      209.000      2.28545
      210.000      2.31008
      211.000      2.33482
      212.000      2.35965
      213.000      2.38456
      214.000      2.40955
      215.000      2.43461
      216.000      2.45975
      217.000      2.48497
      218.000      2.51027
      219.000      2.53568
      220.000      2.56116
      221.000      2.58673
      222.000      2.61237
      223.000      2.63808
      224.000      2.66387
      225.000      2.68973
      226.000      2.71570
      227.000      2.74176
      228.000      2.76790
      229.000      2.79412
      230.000      2.82041
      231.000      2.84678
      232.000      2.87322
      233.000      2.89976
      234.000      2.92640
      235.000      2.95312
      236.000      2.97993
      237.000      3.00681
      238.000      3.03377
      239.000      3.06081
      240.000      3.08793
      241.000      3.11515
      242.000      3.14246
      243.000      3.16986
      244.000      3.19733
      245.000      3.22489
      246.000      3.25252
      247.000      3.28023
      248.000      3.30804
      249.000      3.33595
      250.000      3.36395
      251.000      3.39204
      252.000      3.42021
      253.000      3.44847
      254.000      3.47680
      255.000      3.50522
      256.000      3.53375
      257.000      3.56237
      258.000      3.59108
      259.000      3.61987
      260.000      3.64875
      261.000      3.67772
      262.000      3.70677
      263.000      3.73590
      264.000      3.76512
      265.000      3.79442
      266.000      3.82380
      267.000      3.85326
      268.000      3.88280
      269.000      3.91242
      270.000      3.94212
      271.000      3.97189
      272.000      4.00175
      273.000      4.03167
      274.000      4.06167
      275.000      4.09175
      276.000      4.12190
      277.000      4.15212
      278.000      4.18241
      279.000      4.21278
      280.000      4.24321
      281.000      4.27371
      282.000      4.30429
      283.000      4.33492
      284.000      4.36563
      285.000      4.39640
      286.000      4.42724
      287.000      4.45813
      288.000      4.48909
      289.000      4.52011
      290.000      4.55119
      291.000      4.58232
      292.000      4.61353
      293.000      4.64479
      294.000      4.67611
      295.000      4.70749
      296.000      4.73889
      297.000      4.77039
      298.000      4.80191
      299.000      4.83350
      300.000      4.86514
