30	0.00195883
30.5	0.00199986
31	0.00204138
31.5	0.0020834
32	0.00212594
32.5	0.002169
33	0.00221259
33.5	0.00225671
34	0.00230139
34.5	0.00234662
35	0.00239242
35.5	0.0024388
36	0.00248578
36.5	0.00253335
37	0.00258154
37.5	0.00263035
38	0.0026798
38.5	0.00272991
39	0.00278067
39.5	0.00283211
40	0.00288424
40.5	0.00293707
41	0.00299061
41.5	0.00304488
42	0.00309988
42.5	0.00315564
43	0.00321217
43.5	0.00326947
44	0.00332756
44.5	0.00338645
45	0.00344616
45.5	0.00350669
46	0.00356807
46.5	0.00363029
47	0.00369338
47.5	0.00375734
48	0.00382219
48.5	0.00388793
49	0.00395457
49.5	0.00402213
50	0.00409061
50.5	0.00416001
51	0.00423036
51.5	0.00430164
52	0.00437387
52.5	0.00444704
53	0.00452116
53.5	0.00459623
54	0.00467224
54.5	0.0047492
55	0.00482708
55.5	0.00490588
56	0.00498558
56.5	0.00506617
57	0.00514763
57.5	0.00522992
58	0.00531301
58.5	0.00539686
59	0.00548143
59.5	0.00556666
60	0.00565249
60.5	0.00573884
61	0.00582562
61.5	0.00591275
62	0.00600011
62.5	0.00608756
63	0.00617495
63.5	0.00626213
64	0.00634888
64.5	0.00643499
65	0.0065202
65.5	0.00660422
66	0.00668671
66.5	0.00676728
67	0.0068455
67.5	0.00692086
68	0.00699277
68.5	0.00706057
69	0.00712349
69.5	0.00718065
70	0.00723103
70.5	0.00727345
71	0.00730657
71.5	0.00732884
72	0.00733847
72.5	0.00733342
73	0.00731136
73.5	0.00726967
74	0.0072054
74.5	0.00711532
75	0.00699598
75.5	0.00684385
76	0.00665558
76.5	0.0064285
77	0.0061614
77.5	0.00585579
78	0.00551786
78.5	0.00516128
79	0.0048109
79.5	0.00450617
80	0.00430103
80.5	0.00425358
81	0.00440314
81.5	0.00474944
82	0.00525466
82.5	0.00586436
83	0.00652663
83.5	0.00720057
84	0.00785758
84.5	0.00847967
85	0.0090571
85.5	0.00958617
86	0.0100674
86.5	0.010504
87	0.0109013
87.5	0.0112655
88	0.011604
88.5	0.0119245
89	0.0122354
89.5	0.012545
90	0.0128623
90.5	0.0131957
91	0.0135538
91.5	0.0139439
92	0.0143727
92.5	0.0148449
93	0.0153634
93.5	0.0159289
94	0.0165393
94.5	0.0171901
95	0.017874
95.5	0.0185816
96	0.0193008
96.5	0.0200179
97	0.0207172
97.5	0.0213815
98	0.0219924
98.5	0.0225308
99	0.0229773
99.5	0.0233138
100	0.0235253
100.5	0.0236032
101	0.0235513
101.5	0.0233945
102	0.023192
102.5	0.0230544
103	0.0231579
103.5	0.0237452
104	0.0250884
104.5	0.0274158
105	0.030837
105.5	0.0353222
106	0.0407372
106.5	0.0468966
107	0.0536064
107.5	0.060691
108	0.0680074
108.5	0.0754512
109	0.0829563
109.5	0.0904901
110	0.0980472
110.5	0.105643
111	0.113306
111.5	0.121075
112	0.128995
112.5	0.137114
113	0.145481
113.5	0.154147
114	0.163166
114.5	0.172591
115	0.182475
115.5	0.192876
116	0.203851
116.5	0.215461
117	0.227768
117.5	0.240838
118	0.25474
118.5	0.269543
119	0.285323
119.5	0.302154
120	0.320114
120.5	0.339279
121	0.359723
121.5	0.381516
122	0.404718
122.5	0.429377
123	0.455521
123.5	0.483155
124	0.512245
124.5	0.542716
125	0.574439
125.5	0.607225
126	0.640812
126.5	0.674868
127	0.70899
127.5	0.742714
128	0.775535
128.5	0.806934
129	0.836413
129.5	0.863527
130	0.887923
130.5	0.909362
131	0.927732
131.5	0.943052
132	0.955452
132.5	0.965158
133	0.97246
133.5	0.977686
134	0.981178
134.5	0.983269
135	0.98427
135.5	0.984461
136	0.984085
136.5	0.983348
137	0.982419
137.5	0.981433
138	0.980494
138.5	0.979679
139	0.979041
139.5	0.978613
140	0.978413
140.5	0.978442
141	0.978691
141.5	0.979142
142	0.97977
142.5	0.980542
143	0.981425
143.5	0.98238
144	0.983369
144.5	0.984354
145	0.985298
145.5	0.986167
146	0.986931
146.5	0.987565
147	0.988046
147.5	0.988361
148	0.988502
148.5	0.988465
149	0.988256
149.5	0.987884
150	0.987368
150.5	0.986727
151	0.98599
151.5	0.985186
152	0.984348
152.5	0.983511
153	0.98271
153.5	0.981979
154	0.981352
154.5	0.980855
155	0.980515
155.5	0.980347
156	0.980361
156.5	0.980555
157	0.980915
157.5	0.981412
158	0.981999
158.5	0.982612
159	0.983158
159.5	0.983524
160	0.983564
160.5	0.983103
161	0.981935
161.5	0.979824
162	0.976504
162.5	0.971692
163	0.965094
163.5	0.95642
164	0.945407
164.5	0.931834
165	0.915551
165.5	0.896492
166	0.874695
166.5	0.850304
167	0.823568
167.5	0.794822
168	0.764468
168.5	0.732945
169	0.700702
169.5	0.668173
170	0.635754
170.5	0.603788
171	0.572563
171.5	0.542305
172	0.513182
172.5	0.48531
173	0.458762
173.5	0.433572
174	0.409744
174.5	0.387259
175	0.366082
175.5	0.346164
176	0.327448
176.5	0.309875
177	0.293378
177.5	0.277895
178	0.26336
178.5	0.249713
179	0.236892
179.5	0.224841
180	0.213506
180.5	0.202836
181	0.192782
181.5	0.183301
182	0.17435
182.5	0.165891
183	0.157886
183.5	0.150303
184	0.14311
184.5	0.136278
185	0.129779
185.5	0.123589
186	0.117683
186.5	0.11204
187	0.106638
187.5	0.10146
188	0.0964867
188.5	0.0917022
189	0.0870911
189.5	0.0826392
190	0.0783336
190.5	0.0741626
191	0.0701159
191.5	0.0661842
192	0.0623601
192.5	0.0586376
193	0.0550126
193.5	0.051483
194	0.0480489
194.5	0.0447128
195	0.0414801
195.5	0.0383587
196	0.0353599
196.5	0.0324977
197	0.0297894
197.5	0.027255
198	0.0249166
198.5	0.0227976
199	0.0209209
199.5	0.0193067
200	0.017969
200.5	0.0169118
201	0.0161265
201.5	0.0155905
202	0.0152692
202.5	0.0151206
203	0.0151002
203.5	0.0151664
204	0.0152831
204.5	0.0154215
205	0.0155593
205.5	0.0156808
206	0.0157753
206.5	0.015836
207	0.0158593
207.5	0.0158437
208	0.0157896
208.5	0.0156982
209	0.0155716
209.5	0.0154123
210	0.0152231
210.5	0.0150071
211	0.014767
211.5	0.0145059
212	0.0142265
212.5	0.0139315
213	0.0136236
213.5	0.0133051
214	0.0129785
214.5	0.0126459
215	0.0123094
215.5	0.0119709
216	0.0116324
216.5	0.0112955
217	0.010962
217.5	0.0106334
218	0.010311
218.5	0.00999636
219	0.00969062
219.5	0.00939493
220	0.00911028
220.5	0.00883757
221	0.00857753
221.5	0.00833076
222	0.00809769
222.5	0.00787859
223	0.00767358
223.5	0.00748257
224	0.00730534
224.5	0.00714148
225	0.00699042
225.5	0.00685147
226	0.00672379
226.5	0.00660645
227	0.00649842
227.5	0.0063986
228	0.00630587
228.5	0.00621907
229	0.00613704
229.5	0.00605864
230	0.00598274
230.5	0.00590825
231	0.00583416
231.5	0.00575948
232	0.0056833
232.5	0.00560476
233	0.00552307
233.5	0.00543752
234	0.00534746
234.5	0.00525234
235	0.00515169
235.5	0.00504512
236	0.00493237
236.5	0.00481333
237	0.004688
237.5	0.00455658
238	0.00441951
238.5	0.00427743
239	0.00413132
239.5	0.00398248
240	0.00383257
240.5	0.0036837
241	0.00353839
241.5	0.0033996
242	0.00327064
242.5	0.00315506
243	0.00305644
243.5	0.00297808
244	0.00292271
244.5	0.00289205
245	0.00288662
245.5	0.00290564
246	0.0029471
246.5	0.0030081
247	0.00308514
247.5	0.00317455
248	0.00327277
248.5	0.00337654
249	0.00348301
249.5	0.00358982
250	0.00369507
250.5	0.00379726
251	0.00389529
251.5	0.00398838
252	0.00407599
252.5	0.00415781
253	0.0042337
253.5	0.00430365
254	0.00436774
254.5	0.00442614
255	0.00447907
255.5	0.00452676
256	0.0045695
256.5	0.00460757
257	0.00464125
257.5	0.00467083
258	0.00469659
258.5	0.0047188
259	0.00473772
259.5	0.0047536
260	0.00476667
260.5	0.00477716
261	0.00478527
261.5	0.00479119
262	0.00479511
262.5	0.0047972
263	0.00479762
263.5	0.00479651
264	0.00479402
264.5	0.00479026
265	0.00478537
265.5	0.00477944
266	0.0047726
266.5	0.00476492
267	0.00475651
267.5	0.00474744
268	0.00473781
268.5	0.00472767
269	0.00471711
269.5	0.00470618
270	0.00469496
270.5	0.00468351
271	0.00467189
271.5	0.00466014
272	0.00464832
272.5	0.00463648
273	0.00462469
273.5	0.00461297
274	0.0046014
274.5	0.00459001
275	0.00457886
275.5	0.004568
276	0.00455749
276.5	0.00454737
277	0.00453772
277.5	0.0045286
278	0.00452007
278.5	0.00451221
279	0.00450509
279.5	0.00449881
280	0.00449347
280.5	0.00448918
281	0.00448607
281.5	0.00448429
282	0.00448399
282.5	0.00448539
283	0.00448871
283.5	0.00449423
284	0.00450228
284.5	0.00451325
285	0.00452764
285.5	0.00454606
286	0.00456925
286.5	0.0045982
287	0.00463415
287.5	0.00467876
288	0.00473424
288.5	0.00480365
289	0.00489136
289.5	0.00500373
290	0.00515063
290.5	0.00534727
291	0.00562092
291.5	0.00602164
292	0.0066539
292.5	0.00777053
293	0.0100919
293.5	0.0141484
294	0.00716251
294.5	0.0020954
295	0.000574882
295.5	0.00105396
296	0.00155098
296.5	0.00188897
297	0.00212589
297.5	0.00229828
298	0.00242768
298.5	0.00252733
299	0.00260574
299.5	0.00266857
300	0.00271961
300.5	0.00276153
301	0.00279623
301.5	0.00282513
302	0.0028493
302.5	0.00286959
303	0.00288665
303.5	0.002901
304	0.00291305
304.5	0.00292314
305	0.00293154
305.5	0.00293847
306	0.00294412
306.5	0.00294865
307	0.00295219
307.5	0.00295486
308	0.00295675
308.5	0.00295795
309	0.00295853
309.5	0.00295855
310	0.00295808
310.5	0.00295705
311	0.0029556
311.5	0.00295377
312	0.0029516
312.5	0.00294912
313	0.00294636
313.5	0.00294335
314	0.0029401
314.5	0.00293663
315	0.00293295
315.5	0.0029291
316	0.00292507
316.5	0.00292088
317	0.00291654
317.5	0.00291205
318	0.00290742
318.5	0.00290267
319	0.00289778
319.5	0.00289277
320	0.00288764
320.5	0.00288238
321	0.00287699
321.5	0.00287146
322	0.00286579
322.5	0.00285996
323	0.00285396
323.5	0.00284774
324	0.00284129
324.5	0.00283454
325	0.00282743
325.5	0.00281988
326	0.00281176
326.5	0.00280293
327	0.00279318
327.5	0.0027823
328	0.00277011
328.5	0.00275588
329	0.00273888
329.5	0.00271801
330	0.00269159

