30	0.00838357
30.5	0.00862695
31	0.00887709
31.5	0.00913429
32	0.00939883
32.5	0.00967105
33	0.00995128
33.5	0.0102399
34	0.0105372
34.5	0.0108436
35	0.0111596
35.5	0.0114855
36	0.0118218
36.5	0.0121691
37	0.0125276
37.5	0.0128981
38	0.0132811
38.5	0.0136771
39	0.0140868
39.5	0.0145108
40	0.0149498
40.5	0.0154045
41	0.0158758
41.5	0.0163643
42	0.0168711
42.5	0.0173969
43	0.0179428
43.5	0.0185097
44	0.0190988
44.5	0.0197113
45	0.0203482
45.5	0.021011
46	0.021701
46.5	0.0224198
47	0.0231687
47.5	0.0239497
48	0.0247644
48.5	0.0256147
49	0.0265027
49.5	0.0274305
50	0.0284006
50.5	0.0294154
51	0.0304775
51.5	0.03159
52	0.0327558
52.5	0.0339782
53	0.035261
53.5	0.0366078
54	0.0380229
54.5	0.0395108
55	0.0410762
55.5	0.0427245
56	0.0444612
56.5	0.0462926
57	0.0482252
57.5	0.0502664
58	0.0524238
58.5	0.0547062
59	0.0571228
59.5	0.0596838
60	0.0624002
60.5	0.0652843
61	0.0683493
61.5	0.0716097
62	0.0750817
62.5	0.0787827
63	0.0827321
63.5	0.0869513
64	0.0914638
64.5	0.0962957
65	0.101476
65.5	0.107036
66	0.113011
66.5	0.119441
67	0.12637
67.5	0.133846
68	0.141923
68.5	0.150661
69	0.160128
69.5	0.170399
70	0.181557
70.5	0.193694
71	0.206914
71.5	0.221331
72	0.237069
72.5	0.254267
73	0.273072
73.5	0.293643
74	0.316149
74.5	0.340758
75	0.367639
75.5	0.396945
76	0.428799
76.5	0.463277
77	0.500373
77.5	0.539972
78	0.581806
78.5	0.625422
79	0.670153
79.5	0.715114
80	0.759234
80.5	0.801334
81	0.840248
81.5	0.874961
82	0.904744
82.5	0.929241
83	0.94848
83.5	0.962828
84	0.972897
84.5	0.979429
85	0.983198
85.5	0.984936
86	0.985285
86.5	0.984775
87	0.983824
87.5	0.982743
88	0.981749
88.5	0.98098
89	0.980513
89.5	0.980371
90	0.980541
90.5	0.980981
91	0.981628
91.5	0.982409
92	0.983246
92.5	0.984061
93	0.984783
93.5	0.985354
94	0.985727
94.5	0.985875
95	0.985785
95.5	0.985464
96	0.984934
96.5	0.984227
97	0.983383
97.5	0.982444
98	0.981444
98.5	0.980402
99	0.97931
99.5	0.978122
100	0.976745
100.5	0.975016
101	0.972696
101.5	0.969452
102	0.964848
102.5	0.958347
103	0.94932
103.5	0.937083
104	0.920956
104.5	0.900351
105	0.874868
105.5	0.844402
106	0.809199
106.5	0.769875
107	0.727347
107.5	0.682729
108	0.637183
108.5	0.591801
109	0.547507
109.5	0.505013
110	0.46481
110.5	0.427195
111	0.392298
111.5	0.360131
112	0.330617
112.5	0.303624
113	0.278988
113.5	0.256527
114	0.236058
114.5	0.2174
115	0.200383
115.5	0.184846
116	0.170643
116.5	0.157638
117	0.145711
117.5	0.134751
118	0.124659
118.5	0.115346
119	0.106733
119.5	0.0987486
120	0.0913282
120.5	0.0844148
121	0.077957
121.5	0.071909
122	0.0662304
122.5	0.0608854
123	0.055843
123.5	0.0510768
124	0.0465656
124.5	0.0422929
125	0.0382481
125.5	0.0344269
126	0.0308317
126.5	0.0274729
127	0.0243692
127.5	0.0215478
128	0.0190442
128.5	0.0168984
129	0.0151491
129.5	0.0138216
130	0.0129132
130.5	0.0123839
131	0.0121589
131.5	0.0121458
132	0.0122554
132.5	0.0124142
133	0.01257
133.5	0.0126889
134	0.0127525
134.5	0.0127525
135	0.0126879
135.5	0.0125623
136	0.0123813
136.5	0.0121521
137	0.0118823
137.5	0.0115793
138	0.01125
138.5	0.0109008
139	0.0105377
139.5	0.0101658
140	0.00978995
140.5	0.00941414
141	0.0090421
141.5	0.00867708
142	0.00832196
142.5	0.00797924
143	0.00765112
143.5	0.00733946
144	0.00704578
144.5	0.00677128
145	0.00651681
145.5	0.00628283
146	0.00606941
146.5	0.00587625
147	0.00570263
147.5	0.00554749
148	0.00540943
148.5	0.00528679
149	0.00517768
149.5	0.0050801
150	0.00499198
150.5	0.00491143
151	0.00483627
151.5	0.00476463
152	0.00469476
152.5	0.00462511
153	0.00455428
153.5	0.00448107
154	0.00440443
154.5	0.00432349
155	0.00423754
155.5	0.00414597
156	0.00404833
156.5	0.00394426
157	0.00383353
157.5	0.003716
158	0.00359169
158.5	0.00346073
159	0.00332345
159.5	0.00318041
160	0.00303246
160.5	0.00288086
161	0.0027274
161.5	0.00257452
162	0.00242546
162.5	0.00228441
163	0.00215653
163.5	0.00204775
164	0.00196424
164.5	0.00191144
165	0.00189274
165.5	0.00190848
166	0.0019556
166.5	0.00202834
167	0.00211949
167.5	0.00222168
168	0.00232825
168.5	0.00243376
169	0.00253403
169.5	0.00262616
170	0.00270822
170.5	0.00277926
171	0.00283895
171.5	0.00288742
172	0.00292516
172.5	0.00295287
173	0.00297134
173.5	0.00298144
174	0.00298403
174.5	0.00297994
175	0.00296996
175.5	0.00295479
176	0.0029351
176.5	0.00291147
177	0.00288441
177.5	0.00285438
178	0.00282179
178.5	0.00278697
179	0.00275023
179.5	0.00271183
180	0.00267198
180.5	0.00263088
181	0.00258867
181.5	0.00254548
182	0.00250142
182.5	0.00245657
183	0.00241099
183.5	0.00236472
184	0.00231779
184.5	0.00227022
185	0.002222
185.5	0.00217311
186	0.00212354
186.5	0.00207324
187	0.00202216
187.5	0.00197026
188	0.00191746
188.5	0.00186369
189	0.00180888
189.5	0.00175294
190	0.00169581
190.5	0.00163664
191	0.00157624
191.5	0.0015146
192	0.00145172
192.5	0.00138764
193	0.00132242
193.5	0.00125618
194	0.00118908
194.5	0.00112134
195	0.00105329
195.5	0.000985308
196	0.000917889
196.5	0.000851632
197	0.000787249
197.5	0.000725567
198	0.000667527
198.5	0.00061416
199	0.000566543
199.5	0.000525718
200	0.000492564
200.5	0.00046763
201	0.000450981
201.5	0.00044211
202	0.000439995
202.5	0.000443271
203	0.000450455
203.5	0.000460142
204	0.000471123
204.5	0.000482428
205	0.000493325
205.5	0.000503292
206	0.000511974
206.5	0.000519153
207	0.000524714
207.5	0.000528618
208	0.000530886
208.5	0.000531583
209	0.000530807
209.5	0.000528678
210	0.000525334
210.5	0.000520883
211	0.000515534
211.5	0.000509449
212	0.000502785
212.5	0.000495696
213	0.000488334
213.5	0.000480849
214	0.000473387
214.5	0.000466094
215	0.000459114
215.5	0.000452588
216	0.00044665
216.5	0.000441427
217	0.000437032
217.5	0.000433565
218	0.000431105
218.5	0.000429713
219	0.000429423
219.5	0.000430246
220	0.000432169
220.5	0.000435155
221	0.000439148
221.5	0.000444072
222	0.000449839
222.5	0.000456348
223	0.000463493
223.5	0.000471163
224	0.000479249
224.5	0.000487642
225	0.000496236
225.5	0.000504932
226	0.000513637
226.5	0.000522266
227	0.000530738
227.5	0.000538984
228	0.00054694
228.5	0.00055455
229	0.000561764
229.5	0.000568542
230	0.000574846
230.5	0.000580588
231	0.000585814
231.5	0.00059051
232	0.000594668
232.5	0.000598286
233	0.000601371
233.5	0.000603934
234	0.000605996
234.5	0.000607589
235	0.00060875
235.5	0.00060953
236	0.000609992
236.5	0.00061021
237	0.000610273
237.5	0.000610282
238	0.000610354
238.5	0.000610619
239	0.000611216
239.5	0.000612295
240	0.000614007
240.5	0.000616501
241	0.000619917
241.5	0.000624376
242	0.000629976
242.5	0.00063678
243	0.000644813
243.5	0.000654061
244	0.000664467
244.5	0.000675937
245	0.000688343
245.5	0.000701535
246	0.000715346
246.5	0.000729605
247	0.000744141
247.5	0.000758797
248	0.000773428
248.5	0.00078791
249	0.000802137
249.5	0.000816023
250	0.00082951
250.5	0.000842727
251	0.000855477
251.5	0.000867742
252	0.000879517
252.5	0.000890812
253	0.000901641
253.5	0.000912029
254	0.000922002
254.5	0.000931589
255	0.000940824
255.5	0.000949741
256	0.000958373
256.5	0.000966756
257	0.000974922
257.5	0.000982905
258	0.000990736
258.5	0.000998446
259	0.00100607
259.5	0.00101362
260	0.00102115
260.5	0.00102867
261	0.00103621
261.5	0.0010438
262	0.00105147
262.5	0.00105923
263	0.00106712
263.5	0.00107516
264	0.00108337
264.5	0.00109178
265	0.00110042
265.5	0.0011093
266	0.00111847
266.5	0.00112793
267	0.00113773
267.5	0.00114789
268	0.00115844
268.5	0.00116942
269	0.00118085
269.5	0.00119278
270	0.00120523
270.5	0.0012182
271	0.00123175
271.5	0.00124594
272	0.00126082
272.5	0.00127644
273	0.00129285
273.5	0.00131012
274	0.00132831
274.5	0.0013475
275	0.00136778
275.5	0.00138922
276	0.00141194
276.5	0.00143605
277	0.00146167
277.5	0.00148894
278	0.00151802
278.5	0.00154909
279	0.00158235
279.5	0.00161804
280	0.00165641
280.5	0.00169778
281	0.00174248
281.5	0.00179094
282	0.00184362
282.5	0.0019011
283	0.00196403
283.5	0.00203321
284	0.0021096
284.5	0.00219436
285	0.00228894
285.5	0.00239511
286	0.00251512
286.5	0.00265184
287	0.00280902
287.5	0.00299159
288	0.00320624
288.5	0.00346226
289	0.00377289
289.5	0.00415775
290	0.00464727
290.5	0.0052828
291	0.00615442
291.5	0.00742126
292	0.00942172
292.5	0.0130023
293	0.0207835
293.5	0.0382066
294	0.028347
294.5	0.0154248
295	0.0101207
295.5	0.00742372
296	0.00580787
296.5	0.00472845
297	0.0039493
297.5	0.00335369
298	0.00287916
298.5	0.00249039
299	0.0021663
299.5	0.00189335
300	0.00166233
300.5	0.00146678
301	0.00130185
301.5	0.00116339
302	0.00104746
302.5	0.000950224
303	0.000868082
303.5	0.000797823
304	0.000736753
304.5	0.000682711
305	0.000634033
305.5	0.000589471
306	0.000548114
306.5	0.000509309
307	0.000472588
307.5	0.000437625
308	0.000404188
308.5	0.000372112
309	0.000341283
309.5	0.000311617
310	0.000283054
310.5	0.000255262
311	0.000228532
311.5	0.00020276
312	0.000177919
312.5	0.000153992
313	0.000130968
313.5	0.000108855
314	8.77E-05
314.5	6.76E-05
315	4.91E-05
315.5	3.35E-05
316	2.53E-05
316.5	3.02E-05
317	4.36E-05
317.5	5.99E-05
318	7.71E-05
318.5	9.48E-05
319	0.000112849
319.5	0.000131093
320	0.000149581
320.5	0.000168345
321	0.00018744
321.5	0.000206946
322	0.000226977
322.5	0.00024768
323	0.000269249
323.5	0.000291924
324	0.000316012
324.5	0.000341896
325	0.000370057
325.5	0.000401104
326	0.000435807
326.5	0.000475133
327	0.000520259
327.5	0.000572182
328	0.00063175
328.5	0.000701672
329	0.000783585
329.5	0.000880324
330	0.000997241
