30	0.00074981
30.5	0.000763441
31	0.000777131
31.5	0.000790879
32	0.000804686
32.5	0.000818551
33	0.000832476
33.5	0.00084646
34	0.000860504
34.5	0.000874607
35	0.00088877
35.5	0.000902993
36	0.000917276
36.5	0.00093162
37	0.000946024
37.5	0.000960489
38	0.000975014
38.5	0.0009896
39	0.00100425
39.5	0.00101895
40	0.00103372
40.5	0.00104854
41	0.00106343
41.5	0.00107837
42	0.00109337
42.5	0.00110843
43	0.00112355
43.5	0.00113872
44	0.00115394
44.5	0.00116922
45	0.00118455
45.5	0.00119994
46	0.00121537
46.5	0.00123084
47	0.00124636
47.5	0.00126193
48	0.00127753
48.5	0.00129317
49	0.00130884
49.5	0.00132454
50	0.00134027
50.5	0.00135601
51	0.00137178
51.5	0.00138756
52	0.00140334
52.5	0.00141912
53	0.0014349
53.5	0.00145067
54	0.00146641
54.5	0.00148212
55	0.00149779
55.5	0.00151342
56	0.00152898
56.5	0.00154447
57	0.00155987
57.5	0.00157517
58	0.00159036
58.5	0.00160541
59	0.00162031
59.5	0.00163503
60	0.00164956
60.5	0.00166386
61	0.00167792
61.5	0.00169169
62	0.00170515
62.5	0.00171826
63	0.00173097
63.5	0.00174325
64	0.00175503
64.5	0.00176627
65	0.0017769
65.5	0.00178685
66	0.00179605
66.5	0.0018044
67	0.0018118
67.5	0.00181815
68	0.00182332
68.5	0.00182717
69	0.00182954
69.5	0.00183024
70	0.00182907
70.5	0.0018258
71	0.00182016
71.5	0.00181184
72	0.00180051
72.5	0.00178577
73	0.00176719
73.5	0.00174427
74	0.00171647
74.5	0.00168322
75	0.00164388
75.5	0.00159783
76	0.00154451
76.5	0.00148347
77	0.00141454
77.5	0.00133804
78	0.0012551
78.5	0.0011681
79	0.00108121
79.5	0.00100102
80	0.000936601
80.5	0.000898363
81	0.000894784
81.5	0.000928273
82	0.000993735
82.5	0.00108132
83	0.00118047
83.5	0.00128241
84	0.00138093
84.5	0.00147208
85	0.00155377
85.5	0.00162518
86	0.00168637
86.5	0.00173799
87	0.00178102
87.5	0.00181664
88	0.00184615
88.5	0.00187092
89	0.00189232
89.5	0.00191173
90	0.00193046
90.5	0.0019498
91	0.0019709
91.5	0.00199475
92	0.00202211
92.5	0.0020535
93	0.00208911
93.5	0.0021288
94	0.00217207
94.5	0.0022181
95	0.00226575
95.5	0.00231365
96	0.00236019
96.5	0.00240364
97	0.00244214
97.5	0.0024738
98	0.00249671
98.5	0.00250903
99	0.00250904
99.5	0.00249526
100	0.00246666
100.5	0.0024229
101	0.00236485
101.5	0.00229526
102	0.00221979
102.5	0.00214827
103	0.00209576
103.5	0.00208233
104	0.00212975
104.5	0.00225482
105	0.00246272
105.5	0.00274553
106	0.00308637
106.5	0.003465
107	0.00386199
107.5	0.00426096
108	0.0046494
108.5	0.00501874
109	0.00536387
109.5	0.00568246
110	0.0059742
110.5	0.00624012
111	0.006482
111.5	0.00670199
112	0.00690231
112.5	0.00708506
113	0.00725215
113.5	0.00740524
114	0.0075457
114.5	0.00767466
115	0.00779297
115.5	0.00790126
116	0.00799993
116.5	0.00808915
117	0.00816891
117.5	0.008239
118	0.00829903
118.5	0.00834841
119	0.00838636
119.5	0.00841191
120	0.0084239
120.5	0.00842096
121	0.00840152
121.5	0.00836383
122	0.00830596
122.5	0.00822583
123	0.00812129
123.5	0.00799021
124	0.00783058
124.5	0.00764078
125	0.00741978
125.5	0.0071676
126	0.00688572
126.5	0.00657777
127	0.00625018
127.5	0.00591296
128	0.00558044
128.5	0.00527155
129	0.00500924
129.5	0.00481826
130	0.00472086
130.5	0.0047311
131	0.00485063
131.5	0.00506851
132	0.00536526
132.5	0.00571834
133	0.00610645
133.5	0.00651167
134	0.00692006
134.5	0.00732136
135	0.00770837
135.5	0.00807627
136	0.00842204
136.5	0.00874399
137	0.00904142
137.5	0.0093143
138	0.00956315
138.5	0.00978885
139	0.0099926
139.5	0.0101758
140	0.0103403
140.5	0.0104878
141	0.0106207
141.5	0.0107414
142	0.0108525
142.5	0.0109572
143	0.0110588
143.5	0.0111609
144	0.0112676
144.5	0.0113829
145	0.0115111
145.5	0.0116565
146	0.0118235
146.5	0.0120158
147	0.0122372
147.5	0.0124906
148	0.0127783
148.5	0.0131017
149	0.0134617
149.5	0.0138578
150	0.0142889
150.5	0.0147532
151	0.0152478
151.5	0.0157694
152	0.0163139
152.5	0.0168769
153	0.0174534
153.5	0.0180381
154	0.0186251
154.5	0.0192084
155	0.0197815
155.5	0.0203376
156	0.0208692
156.5	0.0213688
157	0.0218283
157.5	0.0222392
158	0.0225927
158.5	0.0228801
159	0.0230928
159.5	0.0232231
160	0.0232648
160.5	0.0232145
161	0.0230734
161.5	0.0228494
162	0.0225606
162.5	0.0222387
163	0.0219335
163.5	0.0217156
164	0.0216772
164.5	0.0219257
165	0.0225692
165.5	0.0236963
166	0.0253573
166.5	0.0275568
167	0.03026
167.5	0.0334071
168	0.0369283
168.5	0.0407538
169	0.0448212
169.5	0.0490775
170	0.0534808
170.5	0.0579994
171	0.0626112
171.5	0.0673019
172	0.0720646
172.5	0.0768976
173	0.0818039
173.5	0.08679
174	0.0918651
174.5	0.0970407
175	0.10233
175.5	0.107747
176	0.113307
176.5	0.119026
177	0.124921
177.5	0.131011
178	0.137313
178.5	0.143847
179	0.150631
179.5	0.157688
180	0.165038
180.5	0.172704
181	0.180708
181.5	0.189075
182	0.19783
182.5	0.207
183	0.216612
183.5	0.226694
184	0.237276
184.5	0.248389
185	0.260063
185.5	0.27233
186	0.285225
186.5	0.298778
187	0.313023
187.5	0.327992
188	0.343714
188.5	0.360218
189	0.377528
189.5	0.395665
190	0.414644
190.5	0.434473
191	0.455147
191.5	0.476654
192	0.498966
192.5	0.52204
193	0.545814
193.5	0.570207
194	0.595115
194.5	0.620415
195	0.645956
195.5	0.671572
196	0.697074
196.5	0.72226
197	0.746921
197.5	0.770845
198	0.793827
198.5	0.815675
199	0.836221
199.5	0.855327
200	0.872889
200.5	0.888841
201	0.903156
201.5	0.915844
202	0.926949
202.5	0.936546
203	0.94473
203.5	0.951617
204	0.957332
204.5	0.962005
205	0.965766
205.5	0.968745
206	0.971062
206.5	0.972829
207	0.97415
207.5	0.975115
208	0.975806
208.5	0.976292
209	0.976633
209.5	0.976878
210	0.977069
210.5	0.977236
211	0.977406
211.5	0.977597
212	0.977822
212.5	0.978088
213	0.9784
213.5	0.978755
214	0.979153
214.5	0.979585
215	0.980046
215.5	0.980525
216	0.981014
216.5	0.981499
217	0.981972
217.5	0.982421
218	0.982835
218.5	0.983205
219	0.983521
219.5	0.983778
220	0.983968
220.5	0.984086
221	0.984131
221.5	0.984099
222	0.983993
222.5	0.983814
223	0.983565
223.5	0.983253
224	0.982884
224.5	0.982466
225	0.982009
225.5	0.981522
226	0.981016
226.5	0.980503
227	0.979994
227.5	0.979498
228	0.979028
228.5	0.978592
229	0.978199
229.5	0.977854
230	0.977563
230.5	0.977326
231	0.977142
231.5	0.977007
232	0.976911
232.5	0.97684
233	0.976776
233.5	0.976693
234	0.976561
234.5	0.97634
235	0.975984
235.5	0.97544
236	0.974643
236.5	0.973524
237	0.972001
237.5	0.969986
238	0.967382
238.5	0.964088
239	0.959995
239.5	0.954996
240	0.94898
240.5	0.941845
241	0.933494
241.5	0.923846
242	0.912835
242.5	0.900418
243	0.886579
243.5	0.871326
244	0.854701
244.5	0.836773
245	0.817639
245.5	0.797423
246	0.776266
246.5	0.754329
247	0.731777
247.5	0.708783
248	0.685516
248.5	0.662138
249	0.638801
249.5	0.615644
250	0.592788
250.5	0.570339
251	0.548386
251.5	0.527002
252	0.506243
252.5	0.486151
253	0.466758
253.5	0.448082
254	0.430131
254.5	0.412907
255	0.396404
255.5	0.380612
256	0.365513
256.5	0.351091
257	0.337324
257.5	0.324188
258	0.31166
258.5	0.299715
259	0.288328
259.5	0.277474
260	0.267128
260.5	0.257266
261	0.247865
261.5	0.238901
262	0.230354
262.5	0.222201
263	0.214423
263.5	0.207001
264	0.199916
264.5	0.19315
265	0.186688
265.5	0.180513
266	0.174611
266.5	0.168967
267	0.16357
267.5	0.158405
268	0.153461
268.5	0.148727
269	0.144192
269.5	0.139848
270	0.135683
270.5	0.131689
271	0.127858
271.5	0.124182
272	0.120654
272.5	0.117267
273	0.114014
273.5	0.110888
274	0.107885
274.5	0.104998
275	0.102222
275.5	0.0995532
276	0.096986
276.5	0.0945162
277	0.09214
277.5	0.0898534
278	0.087653
278.5	0.0855353
279	0.0834974
279.5	0.0815363
280	0.0796495
280.5	0.0778345
281	0.0760892
281.5	0.0744117
282	0.0728004
282.5	0.0712537
283	0.0697708
283.5	0.0683509
284	0.0669937
284.5	0.0656993
285	0.0644685
285.5	0.0633029
286	0.0622047
286.5	0.0611777
287	0.060227
287.5	0.0593601
288	0.0585876
288.5	0.0579248
289	0.0573938
289.5	0.0570281
290	0.0568794
290.5	0.0570288
291	0.0576211
291.5	0.0589221
292	0.06148
292.5	0.0665876
293	0.0776161
293.5	0.0913672
294	0.0348209
294.5	0.0172231
295	0.0222227
295.5	0.0258323
296	0.027876
296.5	0.0290302
297	0.0296671
297.5	0.0299883
298	0.0301083
298.5	0.0300953
299	0.0299902
299.5	0.0298187
300	0.0295973
300.5	0.0293375
301	0.0290479
301.5	0.0287355
302	0.0284059
302.5	0.0280637
303	0.0277127
303.5	0.027356
304	0.0269961
304.5	0.0266348
305	0.0262739
305.5	0.0259145
306	0.0255575
306.5	0.0252038
307	0.0248538
307.5	0.0245081
308	0.024167
308.5	0.0238307
309	0.0234995
309.5	0.0231735
310	0.0228529
310.5	0.0225383
311	0.0222291
311.5	0.0219253
312	0.021627
312.5	0.021334
313	0.0210465
313.5	0.0207642
314	0.0204872
314.5	0.0202154
315	0.0199488
315.5	0.0196872
316	0.0194307
316.5	0.019179
317	0.0189322
317.5	0.0186902
318	0.0184529
318.5	0.0182202
319	0.017992
319.5	0.0177683
320	0.0175489
320.5	0.0173339
321	0.0171232
321.5	0.0169166
322	0.0167142
322.5	0.0165159
323	0.0163216
323.5	0.0161313
324	0.0159451
324.5	0.0157629
325	0.0155847
325.5	0.0154107
326	0.0152409
326.5	0.0150758
327	0.0149158
327.5	0.0147595
328	0.0146027
328.5	0.0144554
329	0.014316
329.5	0.0141826
330	0.0140561

